54,86,-63 -106,-1,33 -28,-15,-34 -70,-37,-139 76,-51,32 5,52,75 46,-31,22 -41,-93,-158 -16,44,33 
38,3,-5 -103,47,-60 3,-52,-16 41,-46,14 -100,35,-16 16,39,-35 -95,-72,-56 -46,56,-43 -13,-43,-84 
-48,87,-46 63,56,-45 -24,-45,38 -2,4,18 14,87,-48 -35,-8,-37 67,30,85 37,134,30 -151,-88,-8 
86,89,9 -28,-109,-46 -28,-52,-24 52,101,33 -124,54,-7 55,-72,85 88,164,-69 14,94,3 -58,92,31 
-19,-163,-117 -25,-62,-10 43,-77,-63 256,-93,-77 42,-22,-84 33,-66,38 -14,-82,75 65,-114,81 -79,-84,-29 
-33,69,-51 -24,-12,48 -26,-18,-23 -35,-62,19 -67,-1,34 -48,-7,71 -76,-25,-49 -1,21,-65 -28,-17,145 
-62,-9,100 -14,3,-51 74,-74,-113 -28,-20,-20 -83,34,-86 -109,69,-16 -14,-157,-30 -7,-80,7 -62,77,-53 
-68,-45,-46 60,-39,172 -73,-64,22 129,30,99 -8,109,-80 43,-27,-28 -14,163,-46 19,87,19 -26,140,42 
103,-73,-76 6,-141,14 -141,82,6 43,-15,-67 9,-113,-53 -158,-5,41 66,18,49 32,25,110 61,-9,-95 

103,-95,6 -34,60,79 72,-156,30 6,75,6 -68,33,-86 -67,29,-107 91,94,18 121,117,-34 56,58,32 
9,134,-106 87,-118,36 30,39,44 -57,-84,51 -43,-13,47 31,98,-22 -98,-148,-35 66,60,-5 -113,48,-12 
-4,-3,-28 -5,58,-18 11,82,8 63,-43,19 -25,-81,96 81,-94,42 21,-84,91 -27,-68,139 32,-25,14 
-67,29,27 28,-48,-80 -3,58,-27 -35,-84,-60 79,4,51 71,-63,-34 17,-103,112 -91,-52,-26 14,-48,22 
158,-37,-78 -41,-5,0 36,24,122 -25,21,-31 11,-8,71 -16,110,-60 -38,110,-49 47,-28,12 -100,-117,-126 
23,66,31 -20,-10,49 -41,-20,40 -61,-2,170 -116,-117,-45 102,-21,-147 53,-34,-44 -61,71,-138 -3,25,-10 
33,-25,-112 -46,125,-32 -7,93,14 -5,14,-129 -73,50,-63 -53,-66,-90 -59,22,-112 24,-42,-14 -3,32,13 
47,-86,-125 -34,57,-14 53,149,38 -14,194,44 -27,-7,-20 12,-53,60 -10,-38,-50 46,9,-29 -88,-83,-86 
57,48,5 23,-20,19 -19,58,-48 -14,47,22 32,-14,-3 -108,-25,-29 -68,-38,-117 50,-92,45 -57,173,14 
